%YAML:1.0
---
K: !!opencv-matrix
   rows: 3
   cols: 3
   dt: d
   data: [ 4.3940331346909926e+02, 0., 3.2530615735708216e+02, 0.,
       4.3942954434562495e+02, 2.3565132214898298e+02, 0., 0., 1. ]
D: !!opencv-matrix
   rows: 1
   cols: 5
   dt: d
   data: [ 9.4845523070438368e-03, 3.3941986910321902e-02,
       -3.5156105603611765e-03, -1.3877338877059389e-03,
       -1.0460566182923933e-01 ]
