waypoints:
  waypoint1:
    orientation:
      x: 0.0
      y: 0.0
      z: -0.736462
      w: 0.676478
    pose:
      x: -107.3010
      y: 13.0592
      z: 0.0
